Using CPU
PARAMS:
name=tiny
dataset=PET
n_loops=3
run_no=0
pretrained=True
device=cpu
method2=False
reg_1000=False
on_off=False
patch_attendance=identity
use_different_inputs=False

Model loaded on cpu
Model on eval mode
Doing RecViT Attention Rollout
Hooking: blocks.0.attn
Hooking: blocks.1.attn
Hooking: blocks.2.attn
Hooking: blocks.3.attn
Hooking: blocks.4.attn
Hooking: blocks.5.attn
Hooking: blocks.6.attn
Hooking: blocks.7.attn
Hooking: blocks.8.attn
Hooking: blocks.9.attn
Hooking: blocks.10.attn
Hooking: blocks.11.attn
1. cls_token.shape =  torch.Size([1, 1, 192])
2. cls_token.shape =  torch.Size([1, 1, 192])
tensor([[[-3.5417e-01, -1.2049e-02, -8.4125e-02,  1.0671e-01,  4.0452e-02,
           1.1586e-01, -7.0173e-02,  8.5216e-01,  5.6595e-02, -4.4378e-02,
           1.3166e-01,  3.0025e-02,  8.7391e-03,  8.1823e-02,  2.3801e-01,
           2.0910e-02,  2.6576e-02,  1.3769e+00,  7.2609e-01, -8.3792e-02,
           1.2494e-01, -1.3974e+00,  6.9393e-03, -2.9673e-02,  2.0572e-02,
           7.5149e-02,  2.4465e-01,  6.3193e-02,  1.6034e-03,  6.6631e-02,
          -8.2045e-01,  6.3067e-01,  2.9457e-02, -5.1414e-01, -4.3204e-02,
           4.5730e-02,  6.8893e-02,  2.1384e-01,  5.8037e-02,  7.8365e-02,
          -2.4693e-02,  2.7647e-01, -3.0642e-02,  6.4836e-01,  2.7772e-01,
           3.5940e-02,  3.2497e-02,  6.3857e-01,  3.0545e-01,  2.3054e-01,
          -5.8168e-02,  1.4017e+00, -7.0749e-02,  3.3617e-02, -3.0850e-01,
           8.6460e-03,  1.5607e-01, -8.3882e-03,  4.2698e-02,  1.1863e-01,
           6.6219e-02,  4.1483e-01, -9.1592e-02,  4.3023e-01, -5.5898e-02,
           4.1891e-02,  3.7171e-02, -4.0111e-02,  3.2965e-01, -1.7963e-02,
           2.9084e-02,  2.1091e-01,  2.8671e-02,  3.5406e-01,  2.4794e-02,
          -1.3784e+00, -2.4483e-02,  1.7919e-02, -1.7937e-02,  1.7859e-01,
           5.0985e-02,  1.6647e-01,  1.6583e-02, -6.1180e-02, -1.0777e+00,
           3.5011e-02, -1.1510e-01, -7.5679e-02,  2.0174e-01,  1.2280e-01,
           5.7016e-02,  1.3338e-01, -2.3861e-02,  2.8786e-02, -6.3012e-01,
           1.0264e+00,  7.3867e-03,  5.5441e-02, -1.2501e+00,  1.6090e-01,
           4.1073e-02,  1.7627e-02, -3.6683e-01, -9.3964e-02,  3.9852e-02,
          -1.2141e+00, -7.6229e-02,  9.8699e-02,  3.2213e-02,  1.8562e-01,
          -1.7024e-02,  1.1857e-01, -9.3202e-02,  5.9528e-01,  7.9543e-02,
          -5.4518e+00,  3.6506e-01,  4.5502e-03,  3.6118e-01,  1.4629e+00,
           2.9172e-02,  2.7506e-03,  2.2407e-02,  3.0916e-01,  1.3373e-01,
           7.2005e-01, -6.6522e-02,  7.9196e-02, -4.8961e-02,  6.5830e-02,
           1.1486e-01,  1.5029e-01,  7.7170e-02,  5.8779e-02,  4.5976e-01,
           4.2015e-02,  7.6591e-01,  1.3367e-01,  1.4157e-01,  6.7079e-02,
           3.6391e-02, -7.7582e-02, -5.4364e-03,  3.2862e-01,  2.2901e-01,
           1.8943e-01, -5.3679e-01, -8.6908e-01, -1.2225e+00,  2.6873e-02,
           7.1350e-02, -8.1405e-01,  3.2892e-01, -4.9633e-02,  3.3557e-02,
          -1.0740e-01, -1.5648e-01,  7.0216e-02,  2.0573e-01,  1.0962e-01,
          -1.1543e-02,  2.0004e-02, -2.0727e-02, -3.7690e-01, -9.7832e-01,
           8.4037e-02,  1.8423e-01,  1.2388e-01,  1.2053e-01,  1.2950e-02,
           5.1327e-02,  6.4963e-01,  1.8617e-01,  6.0681e-01, -6.0688e-02,
           1.7665e-01,  1.3876e-01,  5.6092e-01, -2.7882e-01,  2.3339e-02,
          -4.6539e-02, -3.3185e-01, -4.3181e-02,  2.0226e-02,  3.8752e-01,
          -9.3655e-03,  5.0337e-01, -4.7352e-02, -6.0107e-02,  2.2197e-01,
           5.2680e-02,  5.2476e-02]]], requires_grad=True)
['Ragdoll', 'Sphynx', 'Sphynx']

Attention map scores:
final_rollout: 0.5999
final_to_input_step_1: 0.5999
final_to_input_step_2: 0.5999
final_to_input_step_3: 0.5961

Saved scores to: rollout_PET_grid_results/PET_tiny_pretrained_loops3_run0/Bombay_11/Bombay_11_fusion-mean_discard-0p9_patch-identity/trimap/attention_scores.csv
